每幅图像的标定误差：
第1幅图像的平均误差：0.0825685像素
第2幅图像的平均误差：0.0850917像素
第3幅图像的平均误差：0.0760947像素
第4幅图像的平均误差：0.0852171像素
第5幅图像的平均误差：0.0806524像素
第6幅图像的平均误差：0.079289像素
第7幅图像的平均误差：0.068963像素
第8幅图像的平均误差：0.10463像素
总体平均误差：0.0828133像素

相机内参数矩阵：
[1446.597725162475, 0, 321.8287455693813;
 0, 1442.204432754079, 172.4101843101018;
 0, 0, 1]

畸变系数：
[-0.4976617045530567, 36.60639105059479, -0.002812916581267559, -0.009502977846673265, -723.7475769038764]


第1幅图像的旋转向量：
[-18.30234104723043;
 -2.917646978764544;
 269.749579323225]
第1幅图像的旋转矩阵：
[0.003572747742595528, 0.7909996667376137, 0.6118061479705412;
 0.88029869233124, -0.2927362600396222, 0.3733359001461331;
 0.4744064162229222, 0.5372383170242037, -0.6973618450758003]
第1幅图像的平移向量：
[-18.30234104723043;
 -2.917646978764544;
 269.749579323225]

第2幅图像的旋转向量：
[-16.65097524510577;
 8.25099450969182;
 288.0993968566016]
第2幅图像的旋转矩阵：
[0.1003255729521326, 0.9942676375354977, -0.0369681533404988;
 0.8571949916647847, -0.105238399321823, -0.5041246131394403;
 -0.5051252574130858, 0.01888767475791517, -0.8628393419783332]
第2幅图像的平移向量：
[-16.65097524510577;
 8.25099450969182;
 288.0993968566016]

第3幅图像的旋转向量：
[-8.659087448447593;
 2.137344771303015;
 298.9202925515378]
第3幅图像的旋转矩阵：
[0.3219369278303053, 0.5897454774873155, -0.7406462625858876;
 0.9416555262035643, -0.1183219623742444, 0.3150948796635654;
 0.09819106104668529, -0.798874323659965, -0.5934292969911072]
第3幅图像的平移向量：
[-8.659087448447593;
 2.137344771303015;
 298.9202925515378]

第4幅图像的旋转向量：
[-18.8933284408167;
 11.41650790699926;
 291.3644185485137]
第4幅图像的旋转矩阵：
[0.2938421934615318, 0.8558409040709034, -0.4256678426435503;
 0.8913331916994474, -0.08449806940354376, 0.4454045550305364;
 0.3452273261440814, -0.5102905282152241, -0.787668502669261]
第4幅图像的平移向量：
[-18.8933284408167;
 11.41650790699926;
 291.3644185485137]

第5幅图像的旋转向量：
[-13.86230250829398;
 -3.133024044176639;
 297.6720457230443]
第5幅图像的旋转矩阵：
[0.2775161879577083, 0.9502593850477461, -0.1413925972252497;
 0.7932012198031417, -0.1435942663501729, 0.5917875561163516;
 0.5420485128881275, -0.2763834072444205, -0.793596636759339]
第5幅图像的平移向量：
[-13.86230250829398;
 -3.133024044176639;
 297.6720457230443]

第6幅图像的旋转向量：
[-23.00169782149052;
 -5.688963221185269;
 302.9856524638998]
第6幅图像的旋转矩阵：
[0.2623197216290867, 0.95930819914939, -0.1044803459469432;
 0.7305088349294638, -0.1266694677041184, 0.6710526715851393;
 0.6305118601060855, -0.2523541657993974, -0.7340110144059518]
第6幅图像的平移向量：
[-23.00169782149052;
 -5.688963221185269;
 302.9856524638998]

第7幅图像的旋转向量：
[-19.58087951502702;
 15.99544322990639;
 276.1775274722498]
第7幅图像的旋转矩阵：
[0.01703320778201334, 0.9933834869589288, 0.1135742826082342;
 0.8725072622201694, -0.07024243901646843, 0.4835256737072838;
 0.4883041544014547, 0.09085839310893612, -0.8679307606001427]
第7幅图像的平移向量：
[-19.58087951502702;
 15.99544322990639;
 276.1775274722498]

第8幅图像的旋转向量：
[-15.02381194653044;
 -10.88950935299969;
 292.9654178434132]
第8幅图像的旋转矩阵：
[-0.03605017211179895, 0.9848159966381855, -0.1698170717455911;
 0.6878863090209453, -0.09881077267909755, -0.7190610941109945;
 -0.7249226241139467, -0.1427371148934197, -0.6738792956306435]
第8幅图像的平移向量：
[-15.02381194653044;
 -10.88950935299969;
 292.9654178434132]


